1 2 3

1 -1 1
3 2 1
2 1 -2

2 5 1

6
--------
5 4

6 4
1 2
-1 1

24 6 1

5
--------
2 3

2 1
1 2

4 5

5
--------
19 0 2 3

20 5 10 2
21 -1 -5 7
17 -3 1 1

33 8 31

5
--------
10 8 11 2

1 5 4 3
7 2 1 6
8 3 9 1
7 4 8 5

25 30 78 69

5
--------
7 25 30 64 7

1 2 3 4 5
5 4 3 2 1
4 3 2 1 5
3 4 5 1 2
2 4 5 1 3

10 17 25 60 59

6
--------
5 8 16

45 6 2
7 8 25
40 5 6

20 35 40

10
--------
36 10 8 9 40

4 5 6 7 8
10 2 8 9 5
12 25 4 9 6
2 5 6 9 4
14 2 3 4 5

35 26 49 78 56

7
--------
4 7 10 6

6 9 8 10
5 21 6 4
1 7 8 4
4 2 6 5

10 68 94 7

6
--------
